7074729
7074814
7074836
7074893
7074991
7075089
7075142
7075502
7076076
7076159
7076224
7131361
7131541
7131886
7317793
7506135
7506136
7506144
7699177
7699183
7699193
8329679
8329686
8560975
8560985
9250633
9250643
9250654
9250660
10527010
10678407
10678423
10770395
10770432
10770436
10831390
10831558
10860391
10860397
10907541
10907545
10907546
10907547
10907549
10907551
11389372
11389441
11611321
11913734
11956548
12145328
12145366
12188176
12467159
12777646
12908359
13038375
13335647
13478124
13656095
14030577
14083380
14127194
14516578
14721869
14812981
14817393
14861743
15013192
15054426
15324577
15366173
15432080
15470849
15471035
15858152
15885121
16132514
16179646
16387711
16413496
16652251
16678138
16723481
17999992
18151826
19264845
19366445
19381787
19396123
19396550
19397594
19398554
19399752
20010377
20337343
20418682
20612949
20644021
20722130
21311601
21635565
21755022
21802396
22070623
22119034
22587894
22828351
22877700
23261769
23311761
23932048
24727929
25166274
25267538
25321961
25556219
25975243
26019070
26260927
26343188
26424808
26674400
27003636
27052537
27134344
27412825
27725434
27861352
28281786
28878297
28999228
29109681
29296146
29348122
29532363
29716262
30265169
30394316
30394438
30394484
30394594
30394850
31117267
31317701
31616411
32058239
32723404
32873408
33321848
34764447
35168581
35397243
45515121
51241171
51241522
51241537
